1.5
2.06129
1.86186
2.08547
1.90023
1.77366
1.84081
1.88319
1.97834
1.96806
1.82888
1.82903
2.12531
1.78662
1.94013
2.01023
1.73292
1.90631
1.68458
2.08544
1.87062
2.05434
1.91518
1.80792
2.04833
1.83175
2.2051
1.67183
1.78611
1.76276
1.84708
1.73662
1.75685
1.79731
1.58518
1.72017
1.65076
1.64218
1.90186
1.80111
2.02601
1.91613
1.82347
1.88068
1.68417
1.77486
1.61848
1.89576
1.78367
1.8753
1.86643
1.98378
1.96672
1.74947
1.67178
1.87108
1.89146
1.97799
1.8896
1.8551
1.84281
1.92441
1.66574
1.55412
1.91721
1.77438
1.91844
1.7946
1.96201
1.73479
1.87301
1.77794
2.08309
1.8507
1.97604
2.06518
1.92818
1.73479
1.65469
1.75576
1.75446
1.85364
1.68611
1.88341
1.95474
1.97289
1.95828
1.74301
2.03337
1.9022
1.73228
1.87893
1.81825
1.94736
1.91154
1.97325
1.93409
1.79834
1.92989
1.91648
1.88277
2.02714
2.06772
1.69955
2.04038
1.79229
1.92
1.7382
1.69572
1.73634
1.97964
1.82973
1.92713
1.93943
1.6728
2.14668
1.79716
1.91613
1.90975
1.65259
1.93305
1.81608
1.84477
2.07486
1.73839
1.95242
1.95037
1.74531
1.81566
1.91763
2.11771
1.70835
1.90755
1.84718
1.73333
1.68378
1.99609
1.79925
1.96255
1.77265
1.96063
1.87344
2.10922
1.83434
1.93257
1.82404
1.65512
1.98319
1.79465
1.60716
1.74027
1.9104
1.7473
1.80329
1.88329
1.86629
1.80485
1.77
1.78929
1.81733
1.80008
2.0788
1.7492
1.87351
1.74435
2.04563
1.80582
1.85166
1.81358
1.83511
1.72078
2.12827
1.71775
1.87484
1.70944
2.05838
1.85994
2.04177
1.95003
1.91438
1.99859
1.7148
1.72384
1.87912
1.94003
2.12055
1.76272
2.05704
1.80178
1.95946
2.11504
1.8728
1.76545
2.12836
1.89519
2.05263
1.83693
1.80395
1.88725
1.75686
1.97511
1.73208
1.64362
1.96184
1.92157
1.71596
1.63426
1.93043
1.81139
1.92391
1.88167
1.67906
1.89914
1.87029
1.75884
1.94158
1.59119
1.93238
1.88464
1.73866
2.12123
1.86228
1.86163
1.64372
1.84059
2.01575
1.74548
2.04579
1.94357
1.82873
1.79554
1.78846
1.69701
1.91024
1.87762
1.77475
1.86093
1.73327
1.75203
1.74767
2.10591
1.76125
1.80737
1.65354
1.80576
1.89582
1.94575
1.90544
1.74172
1.79406
1.94092
1.89303
1.73041
1.76723
1.96952
1.97253
1.7551
2.04653
1.7409
1.79785
1.77268
1.99718
1.96186
1.84953
1.68004
2.00117
1.78223
1.77143
1.69663
1.84115
2.06379
1.90287
1.9682
1.70337
1.73889
1.83242
1.94916
1.81999
1.91858
1.95774
1.9682
1.85017
2.06869
1.97168
1.78616
2.0269
1.86786
1.92366
1.80673
2.06904
1.87007
2.00974
1.82507
1.94818
1.63952
1.91016
1.78961
2.02426
1.75146
1.58486
1.80794
1.70668
1.93159
1.79178
1.76901
1.99836
1.77974
1.94744
1.85626
1.84236
1.80129
1.7243
2.00391
1.9598
1.89345
1.68674
1.88214
1.75717
1.79897
1.77404
1.8143
1.9094
1.70714
1.7981
2.04865
1.91952
1.78587
2.23388
1.88598
2.18304
2.08228
1.77834
1.91874
1.68867
2.18616
1.76352
1.95958
1.80651
1.84086
1.72929
2.12135
1.92868
1.98099
1.67167
2.13698
1.70127
1.69137
1.73026
1.80882
1.97711
2.00823
1.79479
1.73
1.67389
1.99764
1.95412
1.80659
1.85222
1.81308
1.81575
1.94653
1.95735
1.89635
1.83676
1.88994
1.90462
2.08618
1.86219
1.84385
2.0705
2.00441
2.06261
1.94472
1.71729
2.11856
1.90474
1.91693
1.81609
1.75046
1.69882
1.90135
1.9647
1.94705
2.03145
1.76588
1.69308
1.68909
1.90031
1.77732
1.78967
1.82063
1.86923
1.8505
1.79708
1.74261
1.81399
1.87489
2.02639
1.81617
1.85819
1.91005
1.77842
2.02449
1.93748
1.84009
1.79641
1.95272
1.94226
1.88947
1.90942
1.80094
1.81485
1.80328
1.78923
1.85605
1.58593
1.71242
2.1277
1.79602
2.04602
1.85542
1.97927
1.97184
1.83376
1.71622
1.95263
1.8693
1.7877
1.76541
1.96776
1.70861
1.86583
1.83649
1.93168
2.00089
1.91085
1.95275
1.72723
1.93903
1.9435
1.8902
1.71149
1.8579
1.81529
1.86736
1.75399
1.82318
1.91792
1.80616
1.81286
1.90049
1.87007
2.00787
1.84925
2.09507
1.76592
1.76156
1.54289
1.85588
1.86748
1.90258
1.73751
2.04543
1.79281
1.91954
2.07208
1.86434
1.84684
2.01672
1.72951
1.93067
1.68434
1.76241
2.01896
1.76511
1.90562
1.97178
1.66256
1.86213
1.67166
1.65459
1.9313
1.97864
1.67444
1.64694
1.89924
1.81071
1.82344
1.80866
1.81882
1.83783
2.00899
1.84044
1.96703
1.61066
1.58483
2.00909
1.78574
1.73374
1.7801
1.85467
1.86966
1.87773
2.07442
1.63084
2.19553
1.70994
1.95028
1.72648
1.97924
2.07543
1.86851
1.90528
1.82571
1.82117
2.14911
1.92439
1.78901
2.01663
1.76013
1.77281
1.91566
1.87886
1.7371
1.80058
1.91847
2.09518
1.92979
1.82192
1.91775
1.75407
1.91427
1.9078
2.06414
1.85011
1.91296
1.81437
1.85165
2.06646
1.86088
1.91517
1.79359
2.06539
1.72725
1.75338
1.81795
1.80629
1.70416
1.82009
1.76601
1.80734
1.9951
1.91713
1.96284
1.97386
1.98148
1.78679
1.90453
1.79465
2.08609
1.66039
1.99946
1.78427
1.78779
1.73603
1.79766
1.85952
1.65851
1.75587
1.77571
2.02461
1.93396
1.87263
1.8766
1.70372
1.73095
1.87269
1.75467
1.78129
1.91928
1.88207
1.83694
1.85007
2.09457
2.43483
1.86381
1.77843
2.05175
1.84448
1.67458
1.95376
1.99549
1.78061
1.77214
1.72175
1.93557
1.89561
2.00661
1.78253
1.85924
1.87266
1.84678
1.8218
1.79244
1.84806
1.84208
1.74485
1.95261
2.02273
1.92115
1.80379
1.86866
1.70055
1.95396
1.90706
2.18689
1.82998
1.74818
1.83789
1.71053
1.87832
1.86496
1.89526
1.80314
2.09945
1.83086
1.94006
2.02937
2.00155
1.81606
1.94129
1.98025
1.95275
2.41045
1.81044
1.82233
1.91554
2.11584
1.79192
1.99717
1.97818
1.90976
2.13902
1.99559
1.80298
1.76973
2.03139
1.8847
1.94186
2.01856
1.78805
1.68018
1.79766
1.84929
1.80059
1.80388
1.90277
1.71497
2.06852
1.83696
1.74465
1.91903
1.84347
1.79302
1.79723
1.85673
1.80199
1.77726
2.14001
2.04682
2.06926
1.74885
1.81408
1.76453
1.97647
1.8114
1.85998
1.86113
1.8461
1.97546
1.81767
1.97347
1.73503
1.85016
2.11185
2.03534
1.88866
1.75368
1.83562
1.92517
2.16366
1.90709
2.08881
2.01009
2.11625
1.91519
1.6789
1.99679
2.00273
1.99094
1.94369
1.75563
1.78616
1.81423
1.84646
1.86454
1.92813
1.71321
1.62326
1.66989
1.92986
2.09194
1.86109
1.78512
1.73206
1.71179
1.79086
1.82562
1.69299
1.77942
1.8569
1.80416
1.9761
1.73654
1.69911
1.84025
1.78828
2.03699
1.89391
1.84711
1.79379
2.07856
1.79464
1.93299
1.7813
1.7636
1.7933
1.83934
1.82757
1.99925
1.76436
1.70177
1.86356
2.09621
1.72899
1.65405
2.00572
1.89656
2.05644
1.94198
2.02089
1.7656
1.84944
1.88726
1.77672
1.83026
1.86462
1.93205
1.93051
1.62915
1.90783
2.16575
1.84872
2.03498
2.00564
1.81981
1.81315
1.88899
1.86615
1.86529
1.93449
1.72764
1.85955
1.81845
1.74049
1.82582
1.76341
1.65579
1.87461
1.68247
1.74431
1.85474
1.73023
1.82273
1.84812
1.83532
1.77064
1.65768
1.76199
1.93905
1.80002
1.89966
1.78652
1.85945
2.22917
1.79792
1.73204
1.91689
1.82399
1.7756
1.6819
2.01157
1.74533
1.89049
1.79521
1.8408
1.77252
1.7108
1.70409
1.70761
1.75615
1.68347
1.91447
1.87225
1.88494
1.94319
1.80709
1.89777
1.8883
2.08689
1.88889
1.81431
1.67977
1.8562
1.96334
2.00293
1.94541
1.81967
1.96187
1.73076
1.98267
1.96498
1.98908
1.98572
1.93254
1.87071
1.86153
1.69545
1.85823
1.94318
1.98561
2.08941
1.92903
2.04961
1.8406
2.01597
1.93898
1.78914
1.8875
1.98129
1.77328
1.88492
2.03951
1.85658
1.85255
1.94013
1.89601
2.03125
2.06211
1.65305
1.79021
1.90824
1.81685
1.90579
1.8645
2.05655
1.93117
1.79374
1.84936
2.15784
1.90978
1.79261
1.97637
1.79521
1.83603
1.78541
1.9357
1.85409
1.84145
1.76292
1.77367
1.73649
1.73475
1.86627
1.89149
1.8767
1.70202
1.95292
1.88906
1.82546
1.87309
1.78114
1.77403
1.89821
1.82159
1.79294
1.83249
1.6486
1.96423
1.98544
1.85984
1.75364
2.05562
1.79176
2.07187
1.88244
1.81875
1.88701
1.69993
1.74206
1.74157
1.92791
1.89097
1.73292
2.07682
2.16712
2.03782
1.91518
1.7517
1.91231
1.95524
1.93003
1.97095
2.188
1.81651
2.0632
1.73521
1.78145
1.81979
1.91875
1.75873
1.66213
1.80727
1.89042
1.85113
1.95691
1.80268
2.06614
1.77031
1.78637
2.12137
1.88538
1.95172
1.70143
1.75792
1.70706
1.80747
1.84703
1.89602
1.88161
1.79707
1.78537
2.07644
1.77802
1.99144
1.95107
1.95426
1.83362
1.97749
1.77314
2.00102
1.79828
1.77798
1.95704
1.7779
1.87972
1.66121
1.92442
1.90456
1.94783
1.88754
1.9232
1.83276
1.86832
1.80906
1.87823
1.79407
2.01046
2.05064
1.80507
1.80865
1.80941
1.92369
1.75804
2.12274
2.11077
1.77832
1.80028
1.9928
2.17158
1.80618
1.75158
1.77793
1.74694
1.77329
2.05672
1.80053
1.83408
1.75414
1.71833
