1.0066210137742857 0.1103445727589179
1.0546359966176033 0.1301131022764644
1.1378701238057143 0.11485121453990073
1.1517327819085716 0.144562326064484
1.2054090374443103 0.19059702033485473
1.2570407406228572 0.16050174970615624
1.2613317590457143 0.14441459658685962
1.3053660330714365 1.1316508378685606
1.3168861302085715 0.1067687278414438
1.3745584721771429 0.14016471759754476
1.3967054055228576 0.2630906453805301
1.5863817589314289 0.12104802761819478
1.680969584149652 0.29060846761267234
1.728372930471429 0.15005589869739946
1.9219341408571422 0.16751726502026307
10.376409728828571 0.952014202283441
11.766877243714285 0.09589142347635145
12.080695180257143 2.5324098128090595
14.184107368342856 2.7050894833332375
14.401828476857146 0.08905462636264
17.254061357142856 0.037720076907758145
19.95926446 0.6297767386880514
2.0048700424000003 0.10484997265515476
2.0116536624514283 0.8320268394057256
2.0932265045428577 0.09173298634212435
2.3760528376806698 1.0943312755105252
2.4300905661428573 0.07954836870622833
2.6466870341599997 0.7290346063220443
22.527950557142862 0.1683984451929467
23.892177776285717 1.5435986880815642
230.20862295142854 8.4084472665858
28.67977323085714 0.2927234097427273
3.013567709228572 0.1742544876779692
3.041433480012936 0.24520092253983225
3.4850428987999984 0.16370075609874787
3.612141827599999 0.6226172707923879
4.5628030650571425 0.06146122764174741
40.025208774285716 9.830585144769758
6.255887352200001 2.5705962016700195
7.983404616856484 2.3899254956155325
8.055284158142857 0.11986257470896271
8.62747644617143 0.7593959433555639
